(kicad_pcb (version 20171130) (host pcbnew "(5.0.2)-1")

  (general
    (thickness 1.6)
    (drawings 0)
    (tracks 25)
    (zones 0)
    (modules 34)
    (nets 36)
  )

  (page A4)
  (layers
    (0 F.Cu signal)
    (31 B.Cu signal)
    (32 B.Adhes user)
    (33 F.Adhes user)
    (34 B.Paste user)
    (35 F.Paste user)
    (36 B.SilkS user)
    (37 F.SilkS user)
    (38 B.Mask user)
    (39 F.Mask user)
    (40 Dwgs.User user)
    (41 Cmts.User user)
    (42 Eco1.User user)
    (43 Eco2.User user)
    (44 Edge.Cuts user)
    (45 Margin user)
    (46 B.CrtYd user)
    (47 F.CrtYd user)
    (48 B.Fab user)
    (49 F.Fab user hide)
  )

  (setup
    (last_trace_width 0.25)
    (trace_clearance 0.2)
    (zone_clearance 0.508)
    (zone_45_only no)
    (trace_min 0.2)
    (segment_width 0.2)
    (edge_width 0.15)
    (via_size 0.8)
    (via_drill 0.4)
    (via_min_size 0.4)
    (via_min_drill 0.3)
    (uvia_size 0.3)
    (uvia_drill 0.1)
    (uvias_allowed no)
    (uvia_min_size 0.2)
    (uvia_min_drill 0.1)
    (pcb_text_width 0.3)
    (pcb_text_size 1.5 1.5)
    (mod_edge_width 0.15)
    (mod_text_size 1 1)
    (mod_text_width 0.15)
    (pad_size 1.524 1.524)
    (pad_drill 0.762)
    (pad_to_mask_clearance 0.051)
    (solder_mask_min_width 0.25)
    (aux_axis_origin 0 0)
    (visible_elements 7FFFFFFF)
    (pcbplotparams
      (layerselection 0x010fc_ffffffff)
      (usegerberextensions false)
      (usegerberattributes false)
      (usegerberadvancedattributes false)
      (creategerberjobfile false)
      (excludeedgelayer true)
      (linewidth 0.100000)
      (plotframeref false)
      (viasonmask false)
      (mode 1)
      (useauxorigin false)
      (hpglpennumber 1)
      (hpglpenspeed 20)
      (hpglpendiameter 15.000000)
      (psnegative false)
      (psa4output false)
      (plotreference true)
      (plotvalue true)
      (plotinvisibletext false)
      (padsonsilk false)
      (subtractmaskfromsilk false)
      (outputformat 1)
      (mirror false)
      (drillshape 1)
      (scaleselection 1)
      (outputdirectory ""))
  )

  (net 0 "")
  (net 1 /Vcc)
  (net 2 GND)
  (net 3 MicOut)
  (net 4 "Net-(C3-Pad1)")
  (net 5 "Net-(C6-Pad2)")
  (net 6 "Net-(C7-Pad2)")
  (net 7 "Net-(C8-Pad2)")
  (net 8 "Net-(C9-Pad1)")
  (net 9 "Net-(D1-Pad1)")
  (net 10 "Net-(D2-Pad1)")
  (net 11 "Net-(J3-Pad1)")
  (net 12 "Net-(J4-Pad1)")
  (net 13 "Net-(K1-Pad3)")
  (net 14 "Net-(Q1-Pad2)")
  (net 15 "Net-(R1-Pad1)")
  (net 16 "Net-(R2-Pad2)")
  (net 17 OUTPUT)
  (net 18 "Net-(R4-Pad2)")
  (net 19 "Net-(R5-Pad1)")
  (net 20 "Net-(R6-Pad1)")
  (net 21 signal)
  (net 22 "Net-(RV1-Pad1)")
  (net 23 "Net-(RV1-Pad3)")
  (net 24 "Net-(RV2-Pad3)")
  (net 25 "Net-(U2-Pad1)")
  (net 26 "Net-(U2-Pad9)")
  (net 27 "Net-(U2-Pad10)")
  (net 28 "Net-(U2-Pad11)")
  (net 29 Res)
  (net 30 "Net-(U2-Pad12)")
  (net 31 "Net-(U2-Pad5)")
  (net 32 CLK)
  (net 33 "Net-(U2-Pad6)")
  (net 34 "Net-(U2-Pad7)")
  (net 35 "Net-(D4-Pad2)")

  (net_class Default "To jest domyślna klasa połączeń."
    (clearance 0.2)
    (trace_width 0.25)
    (via_dia 0.8)
    (via_drill 0.4)
    (uvia_dia 0.3)
    (uvia_drill 0.1)
    (add_net /Vcc)
    (add_net CLK)
    (add_net GND)
    (add_net MicOut)
    (add_net "Net-(C3-Pad1)")
    (add_net "Net-(C6-Pad2)")
    (add_net "Net-(C7-Pad2)")
    (add_net "Net-(C8-Pad2)")
    (add_net "Net-(C9-Pad1)")
    (add_net "Net-(D1-Pad1)")
    (add_net "Net-(D2-Pad1)")
    (add_net "Net-(D4-Pad2)")
    (add_net "Net-(J3-Pad1)")
    (add_net "Net-(J4-Pad1)")
    (add_net "Net-(K1-Pad3)")
    (add_net "Net-(Q1-Pad2)")
    (add_net "Net-(R1-Pad1)")
    (add_net "Net-(R2-Pad2)")
    (add_net "Net-(R4-Pad2)")
    (add_net "Net-(R5-Pad1)")
    (add_net "Net-(R6-Pad1)")
    (add_net "Net-(RV1-Pad1)")
    (add_net "Net-(RV1-Pad3)")
    (add_net "Net-(RV2-Pad3)")
    (add_net "Net-(U2-Pad1)")
    (add_net "Net-(U2-Pad10)")
    (add_net "Net-(U2-Pad11)")
    (add_net "Net-(U2-Pad12)")
    (add_net "Net-(U2-Pad5)")
    (add_net "Net-(U2-Pad6)")
    (add_net "Net-(U2-Pad7)")
    (add_net "Net-(U2-Pad9)")
    (add_net OUTPUT)
    (add_net Res)
    (add_net signal)
  )

  (module Potentiometer_THT:Potentiometer_Piher_PT-6-V_Vertical (layer F.Cu) (tedit 5A3D4993) (tstamp 5CF83512)
    (at 130.1 133.9)
    (descr "Potentiometer, vertical, Piher PT-6-V, http://www.piher-nacesa.com/pdf/11-PT6v03.pdf")
    (tags "Potentiometer vertical Piher PT-6-V")
    (path /5CA16764)
    (fp_text reference RV2 (at 2.5 -7.06) (layer F.SilkS)
      (effects (font (size 1 1) (thickness 0.15)))
    )
    (fp_text value R_POT_TRIM (at 2.5 2.06) (layer F.Fab)
      (effects (font (size 1 1) (thickness 0.15)))
    )
    (fp_text user %R (at 0.55 -2.5 90) (layer F.Fab)
      (effects (font (size 1 1) (thickness 0.15)))
    )
    (fp_line (start 6.1 -6.1) (end -1.1 -6.1) (layer F.CrtYd) (width 0.05))
    (fp_line (start 6.1 1.1) (end 6.1 -6.1) (layer F.CrtYd) (width 0.05))
    (fp_line (start -1.1 1.1) (end 6.1 1.1) (layer F.CrtYd) (width 0.05))
    (fp_line (start -1.1 -6.1) (end -1.1 1.1) (layer F.CrtYd) (width 0.05))
    (fp_circle (center 2.5 -2.5) (end 3.4 -2.5) (layer F.Fab) (width 0.1))
    (fp_circle (center 2.5 -2.5) (end 5.65 -2.5) (layer F.Fab) (width 0.1))
    (fp_arc (start 2.5 -2.5) (end 1.015 0.414) (angle -28) (layer F.SilkS) (width 0.12))
    (fp_arc (start 2.5 -2.5) (end -0.414 -3.984) (angle -54) (layer F.SilkS) (width 0.12))
    (fp_arc (start 2.5 -2.5) (end 5.592 -3.564) (angle -98) (layer F.SilkS) (width 0.12))
    (fp_arc (start 2.5 -2.5) (end 2.5 0.77) (angle -71) (layer F.SilkS) (width 0.12))
    (pad 1 thru_hole circle (at 0 0) (size 1.62 1.62) (drill 0.9) (layers *.Cu *.Mask)
      (net 1 /Vcc))
    (pad 2 thru_hole circle (at 5 -2.5) (size 1.62 1.62) (drill 0.9) (layers *.Cu *.Mask)
      (net 19 "Net-(R5-Pad1)"))
    (pad 3 thru_hole circle (at 0 -5) (size 1.62 1.62) (drill 0.9) (layers *.Cu *.Mask)
      (net 24 "Net-(RV2-Pad3)"))
    (model ${KISYS3DMOD}/Potentiometer_THT.3dshapes/Potentiometer_Piher_PT-6-V_Vertical.wrl
      (at (xyz 0 0 0))
      (scale (xyz 1 1 1))
      (rotate (xyz 0 0 0))
    )
  )

  (module Capacitor_SMD:C_0805_2012Metric_Pad1.15x1.40mm_HandSolder (layer F.Cu) (tedit 5B36C52B) (tstamp 5CF831CF)
    (at 187.65 117.65 180)
    (descr "Capacitor SMD 0805 (2012 Metric), square (rectangular) end terminal, IPC_7351 nominal with elongated pad for handsoldering. (Body size source: https://docs.google.com/spreadsheets/d/1BsfQQcO9C6DZCsRaXUlFlo91Tg2WpOkGARC1WS5S8t0/edit?usp=sharing), generated with kicad-footprint-generator")
    (tags "capacitor handsolder")
    (path /5CA1385C)
    (attr smd)
    (fp_text reference C1 (at 0 -1.65 180) (layer F.SilkS)
      (effects (font (size 1 1) (thickness 0.15)))
    )
    (fp_text value C (at 0 1.65 180) (layer F.Fab)
      (effects (font (size 1 1) (thickness 0.15)))
    )
    (fp_line (start -1 0.6) (end -1 -0.6) (layer F.Fab) (width 0.1))
    (fp_line (start -1 -0.6) (end 1 -0.6) (layer F.Fab) (width 0.1))
    (fp_line (start 1 -0.6) (end 1 0.6) (layer F.Fab) (width 0.1))
    (fp_line (start 1 0.6) (end -1 0.6) (layer F.Fab) (width 0.1))
    (fp_line (start -0.261252 -0.71) (end 0.261252 -0.71) (layer F.SilkS) (width 0.12))
    (fp_line (start -0.261252 0.71) (end 0.261252 0.71) (layer F.SilkS) (width 0.12))
    (fp_line (start -1.85 0.95) (end -1.85 -0.95) (layer F.CrtYd) (width 0.05))
    (fp_line (start -1.85 -0.95) (end 1.85 -0.95) (layer F.CrtYd) (width 0.05))
    (fp_line (start 1.85 -0.95) (end 1.85 0.95) (layer F.CrtYd) (width 0.05))
    (fp_line (start 1.85 0.95) (end -1.85 0.95) (layer F.CrtYd) (width 0.05))
    (fp_text user %R (at 0 0 180) (layer F.Fab)
      (effects (font (size 0.5 0.5) (thickness 0.08)))
    )
    (pad 1 smd roundrect (at -1.025 0 180) (size 1.15 1.4) (layers F.Cu F.Paste F.Mask) (roundrect_rratio 0.217391)
      (net 1 /Vcc))
    (pad 2 smd roundrect (at 1.025 0 180) (size 1.15 1.4) (layers F.Cu F.Paste F.Mask) (roundrect_rratio 0.217391)
      (net 2 GND))
    (model ${KISYS3DMOD}/Capacitor_SMD.3dshapes/C_0805_2012Metric.wrl
      (at (xyz 0 0 0))
      (scale (xyz 1 1 1))
      (rotate (xyz 0 0 0))
    )
  )

  (module Capacitor_THT:CP_Radial_D8.0mm_P2.50mm (layer F.Cu) (tedit 5AE50EF0) (tstamp 5CF83278)
    (at 145.95 103.4)
    (descr "CP, Radial series, Radial, pin pitch=2.50mm, , diameter=8mm, Electrolytic Capacitor")
    (tags "CP Radial series Radial pin pitch 2.50mm  diameter 8mm Electrolytic Capacitor")
    (path /5CA1392D)
    (fp_text reference C2 (at 1.25 -5.25) (layer F.SilkS)
      (effects (font (size 1 1) (thickness 0.15)))
    )
    (fp_text value CP (at 1.25 5.25) (layer F.Fab)
      (effects (font (size 1 1) (thickness 0.15)))
    )
    (fp_circle (center 1.25 0) (end 5.25 0) (layer F.Fab) (width 0.1))
    (fp_circle (center 1.25 0) (end 5.37 0) (layer F.SilkS) (width 0.12))
    (fp_circle (center 1.25 0) (end 5.5 0) (layer F.CrtYd) (width 0.05))
    (fp_line (start -2.176759 -1.7475) (end -1.376759 -1.7475) (layer F.Fab) (width 0.1))
    (fp_line (start -1.776759 -2.1475) (end -1.776759 -1.3475) (layer F.Fab) (width 0.1))
    (fp_line (start 1.25 -4.08) (end 1.25 4.08) (layer F.SilkS) (width 0.12))
    (fp_line (start 1.29 -4.08) (end 1.29 4.08) (layer F.SilkS) (width 0.12))
    (fp_line (start 1.33 -4.08) (end 1.33 4.08) (layer F.SilkS) (width 0.12))
    (fp_line (start 1.37 -4.079) (end 1.37 4.079) (layer F.SilkS) (width 0.12))
    (fp_line (start 1.41 -4.077) (end 1.41 4.077) (layer F.SilkS) (width 0.12))
    (fp_line (start 1.45 -4.076) (end 1.45 4.076) (layer F.SilkS) (width 0.12))
    (fp_line (start 1.49 -4.074) (end 1.49 -1.04) (layer F.SilkS) (width 0.12))
    (fp_line (start 1.49 1.04) (end 1.49 4.074) (layer F.SilkS) (width 0.12))
    (fp_line (start 1.53 -4.071) (end 1.53 -1.04) (layer F.SilkS) (width 0.12))
    (fp_line (start 1.53 1.04) (end 1.53 4.071) (layer F.SilkS) (width 0.12))
    (fp_line (start 1.57 -4.068) (end 1.57 -1.04) (layer F.SilkS) (width 0.12))
    (fp_line (start 1.57 1.04) (end 1.57 4.068) (layer F.SilkS) (width 0.12))
    (fp_line (start 1.61 -4.065) (end 1.61 -1.04) (layer F.SilkS) (width 0.12))
    (fp_line (start 1.61 1.04) (end 1.61 4.065) (layer F.SilkS) (width 0.12))
    (fp_line (start 1.65 -4.061) (end 1.65 -1.04) (layer F.SilkS) (width 0.12))
    (fp_line (start 1.65 1.04) (end 1.65 4.061) (layer F.SilkS) (width 0.12))
    (fp_line (start 1.69 -4.057) (end 1.69 -1.04) (layer F.SilkS) (width 0.12))
    (fp_line (start 1.69 1.04) (end 1.69 4.057) (layer F.SilkS) (width 0.12))
    (fp_line (start 1.73 -4.052) (end 1.73 -1.04) (layer F.SilkS) (width 0.12))
    (fp_line (start 1.73 1.04) (end 1.73 4.052) (layer F.SilkS) (width 0.12))
    (fp_line (start 1.77 -4.048) (end 1.77 -1.04) (layer F.SilkS) (width 0.12))
    (fp_line (start 1.77 1.04) (end 1.77 4.048) (layer F.SilkS) (width 0.12))
    (fp_line (start 1.81 -4.042) (end 1.81 -1.04) (layer F.SilkS) (width 0.12))
    (fp_line (start 1.81 1.04) (end 1.81 4.042) (layer F.SilkS) (width 0.12))
    (fp_line (start 1.85 -4.037) (end 1.85 -1.04) (layer F.SilkS) (width 0.12))
    (fp_line (start 1.85 1.04) (end 1.85 4.037) (layer F.SilkS) (width 0.12))
    (fp_line (start 1.89 -4.03) (end 1.89 -1.04) (layer F.SilkS) (width 0.12))
    (fp_line (start 1.89 1.04) (end 1.89 4.03) (layer F.SilkS) (width 0.12))
    (fp_line (start 1.93 -4.024) (end 1.93 -1.04) (layer F.SilkS) (width 0.12))
    (fp_line (start 1.93 1.04) (end 1.93 4.024) (layer F.SilkS) (width 0.12))
    (fp_line (start 1.971 -4.017) (end 1.971 -1.04) (layer F.SilkS) (width 0.12))
    (fp_line (start 1.971 1.04) (end 1.971 4.017) (layer F.SilkS) (width 0.12))
    (fp_line (start 2.011 -4.01) (end 2.011 -1.04) (layer F.SilkS) (width 0.12))
    (fp_line (start 2.011 1.04) (end 2.011 4.01) (layer F.SilkS) (width 0.12))
    (fp_line (start 2.051 -4.002) (end 2.051 -1.04) (layer F.SilkS) (width 0.12))
    (fp_line (start 2.051 1.04) (end 2.051 4.002) (layer F.SilkS) (width 0.12))
    (fp_line (start 2.091 -3.994) (end 2.091 -1.04) (layer F.SilkS) (width 0.12))
    (fp_line (start 2.091 1.04) (end 2.091 3.994) (layer F.SilkS) (width 0.12))
    (fp_line (start 2.131 -3.985) (end 2.131 -1.04) (layer F.SilkS) (width 0.12))
    (fp_line (start 2.131 1.04) (end 2.131 3.985) (layer F.SilkS) (width 0.12))
    (fp_line (start 2.171 -3.976) (end 2.171 -1.04) (layer F.SilkS) (width 0.12))
    (fp_line (start 2.171 1.04) (end 2.171 3.976) (layer F.SilkS) (width 0.12))
    (fp_line (start 2.211 -3.967) (end 2.211 -1.04) (layer F.SilkS) (width 0.12))
    (fp_line (start 2.211 1.04) (end 2.211 3.967) (layer F.SilkS) (width 0.12))
    (fp_line (start 2.251 -3.957) (end 2.251 -1.04) (layer F.SilkS) (width 0.12))
    (fp_line (start 2.251 1.04) (end 2.251 3.957) (layer F.SilkS) (width 0.12))
    (fp_line (start 2.291 -3.947) (end 2.291 -1.04) (layer F.SilkS) (width 0.12))
    (fp_line (start 2.291 1.04) (end 2.291 3.947) (layer F.SilkS) (width 0.12))
    (fp_line (start 2.331 -3.936) (end 2.331 -1.04) (layer F.SilkS) (width 0.12))
    (fp_line (start 2.331 1.04) (end 2.331 3.936) (layer F.SilkS) (width 0.12))
    (fp_line (start 2.371 -3.925) (end 2.371 -1.04) (layer F.SilkS) (width 0.12))
    (fp_line (start 2.371 1.04) (end 2.371 3.925) (layer F.SilkS) (width 0.12))
    (fp_line (start 2.411 -3.914) (end 2.411 -1.04) (layer F.SilkS) (width 0.12))
    (fp_line (start 2.411 1.04) (end 2.411 3.914) (layer F.SilkS) (width 0.12))
    (fp_line (start 2.451 -3.902) (end 2.451 -1.04) (layer F.SilkS) (width 0.12))
    (fp_line (start 2.451 1.04) (end 2.451 3.902) (layer F.SilkS) (width 0.12))
    (fp_line (start 2.491 -3.889) (end 2.491 -1.04) (layer F.SilkS) (width 0.12))
    (fp_line (start 2.491 1.04) (end 2.491 3.889) (layer F.SilkS) (width 0.12))
    (fp_line (start 2.531 -3.877) (end 2.531 -1.04) (layer F.SilkS) (width 0.12))
    (fp_line (start 2.531 1.04) (end 2.531 3.877) (layer F.SilkS) (width 0.12))
    (fp_line (start 2.571 -3.863) (end 2.571 -1.04) (layer F.SilkS) (width 0.12))
    (fp_line (start 2.571 1.04) (end 2.571 3.863) (layer F.SilkS) (width 0.12))
    (fp_line (start 2.611 -3.85) (end 2.611 -1.04) (layer F.SilkS) (width 0.12))
    (fp_line (start 2.611 1.04) (end 2.611 3.85) (layer F.SilkS) (width 0.12))
    (fp_line (start 2.651 -3.835) (end 2.651 -1.04) (layer F.SilkS) (width 0.12))
    (fp_line (start 2.651 1.04) (end 2.651 3.835) (layer F.SilkS) (width 0.12))
    (fp_line (start 2.691 -3.821) (end 2.691 -1.04) (layer F.SilkS) (width 0.12))
    (fp_line (start 2.691 1.04) (end 2.691 3.821) (layer F.SilkS) (width 0.12))
    (fp_line (start 2.731 -3.805) (end 2.731 -1.04) (layer F.SilkS) (width 0.12))
    (fp_line (start 2.731 1.04) (end 2.731 3.805) (layer F.SilkS) (width 0.12))
    (fp_line (start 2.771 -3.79) (end 2.771 -1.04) (layer F.SilkS) (width 0.12))
    (fp_line (start 2.771 1.04) (end 2.771 3.79) (layer F.SilkS) (width 0.12))
    (fp_line (start 2.811 -3.774) (end 2.811 -1.04) (layer F.SilkS) (width 0.12))
    (fp_line (start 2.811 1.04) (end 2.811 3.774) (layer F.SilkS) (width 0.12))
    (fp_line (start 2.851 -3.757) (end 2.851 -1.04) (layer F.SilkS) (width 0.12))
    (fp_line (start 2.851 1.04) (end 2.851 3.757) (layer F.SilkS) (width 0.12))
    (fp_line (start 2.891 -3.74) (end 2.891 -1.04) (layer F.SilkS) (width 0.12))
    (fp_line (start 2.891 1.04) (end 2.891 3.74) (layer F.SilkS) (width 0.12))
    (fp_line (start 2.931 -3.722) (end 2.931 -1.04) (layer F.SilkS) (width 0.12))
    (fp_line (start 2.931 1.04) (end 2.931 3.722) (layer F.SilkS) (width 0.12))
    (fp_line (start 2.971 -3.704) (end 2.971 -1.04) (layer F.SilkS) (width 0.12))
    (fp_line (start 2.971 1.04) (end 2.971 3.704) (layer F.SilkS) (width 0.12))
    (fp_line (start 3.011 -3.686) (end 3.011 -1.04) (layer F.SilkS) (width 0.12))
    (fp_line (start 3.011 1.04) (end 3.011 3.686) (layer F.SilkS) (width 0.12))
    (fp_line (start 3.051 -3.666) (end 3.051 -1.04) (layer F.SilkS) (width 0.12))
    (fp_line (start 3.051 1.04) (end 3.051 3.666) (layer F.SilkS) (width 0.12))
    (fp_line (start 3.091 -3.647) (end 3.091 -1.04) (layer F.SilkS) (width 0.12))
    (fp_line (start 3.091 1.04) (end 3.091 3.647) (layer F.SilkS) (width 0.12))
    (fp_line (start 3.131 -3.627) (end 3.131 -1.04) (layer F.SilkS) (width 0.12))
    (fp_line (start 3.131 1.04) (end 3.131 3.627) (layer F.SilkS) (width 0.12))
    (fp_line (start 3.171 -3.606) (end 3.171 -1.04) (layer F.SilkS) (width 0.12))
    (fp_line (start 3.171 1.04) (end 3.171 3.606) (layer F.SilkS) (width 0.12))
    (fp_line (start 3.211 -3.584) (end 3.211 -1.04) (layer F.SilkS) (width 0.12))
    (fp_line (start 3.211 1.04) (end 3.211 3.584) (layer F.SilkS) (width 0.12))
    (fp_line (start 3.251 -3.562) (end 3.251 -1.04) (layer F.SilkS) (width 0.12))
    (fp_line (start 3.251 1.04) (end 3.251 3.562) (layer F.SilkS) (width 0.12))
    (fp_line (start 3.291 -3.54) (end 3.291 -1.04) (layer F.SilkS) (width 0.12))
    (fp_line (start 3.291 1.04) (end 3.291 3.54) (layer F.SilkS) (width 0.12))
    (fp_line (start 3.331 -3.517) (end 3.331 -1.04) (layer F.SilkS) (width 0.12))
    (fp_line (start 3.331 1.04) (end 3.331 3.517) (layer F.SilkS) (width 0.12))
    (fp_line (start 3.371 -3.493) (end 3.371 -1.04) (layer F.SilkS) (width 0.12))
    (fp_line (start 3.371 1.04) (end 3.371 3.493) (layer F.SilkS) (width 0.12))
    (fp_line (start 3.411 -3.469) (end 3.411 -1.04) (layer F.SilkS) (width 0.12))
    (fp_line (start 3.411 1.04) (end 3.411 3.469) (layer F.SilkS) (width 0.12))
    (fp_line (start 3.451 -3.444) (end 3.451 -1.04) (layer F.SilkS) (width 0.12))
    (fp_line (start 3.451 1.04) (end 3.451 3.444) (layer F.SilkS) (width 0.12))
    (fp_line (start 3.491 -3.418) (end 3.491 -1.04) (layer F.SilkS) (width 0.12))
    (fp_line (start 3.491 1.04) (end 3.491 3.418) (layer F.SilkS) (width 0.12))
    (fp_line (start 3.531 -3.392) (end 3.531 -1.04) (layer F.SilkS) (width 0.12))
    (fp_line (start 3.531 1.04) (end 3.531 3.392) (layer F.SilkS) (width 0.12))
    (fp_line (start 3.571 -3.365) (end 3.571 3.365) (layer F.SilkS) (width 0.12))
    (fp_line (start 3.611 -3.338) (end 3.611 3.338) (layer F.SilkS) (width 0.12))
    (fp_line (start 3.651 -3.309) (end 3.651 3.309) (layer F.SilkS) (width 0.12))
    (fp_line (start 3.691 -3.28) (end 3.691 3.28) (layer F.SilkS) (width 0.12))
    (fp_line (start 3.731 -3.25) (end 3.731 3.25) (layer F.SilkS) (width 0.12))
    (fp_line (start 3.771 -3.22) (end 3.771 3.22) (layer F.SilkS) (width 0.12))
    (fp_line (start 3.811 -3.189) (end 3.811 3.189) (layer F.SilkS) (width 0.12))
    (fp_line (start 3.851 -3.156) (end 3.851 3.156) (layer F.SilkS) (width 0.12))
    (fp_line (start 3.891 -3.124) (end 3.891 3.124) (layer F.SilkS) (width 0.12))
    (fp_line (start 3.931 -3.09) (end 3.931 3.09) (layer F.SilkS) (width 0.12))
    (fp_line (start 3.971 -3.055) (end 3.971 3.055) (layer F.SilkS) (width 0.12))
    (fp_line (start 4.011 -3.019) (end 4.011 3.019) (layer F.SilkS) (width 0.12))
    (fp_line (start 4.051 -2.983) (end 4.051 2.983) (layer F.SilkS) (width 0.12))
    (fp_line (start 4.091 -2.945) (end 4.091 2.945) (layer F.SilkS) (width 0.12))
    (fp_line (start 4.131 -2.907) (end 4.131 2.907) (layer F.SilkS) (width 0.12))
    (fp_line (start 4.171 -2.867) (end 4.171 2.867) (layer F.SilkS) (width 0.12))
    (fp_line (start 4.211 -2.826) (end 4.211 2.826) (layer F.SilkS) (width 0.12))
    (fp_line (start 4.251 -2.784) (end 4.251 2.784) (layer F.SilkS) (width 0.12))
    (fp_line (start 4.291 -2.741) (end 4.291 2.741) (layer F.SilkS) (width 0.12))
    (fp_line (start 4.331 -2.697) (end 4.331 2.697) (layer F.SilkS) (width 0.12))
    (fp_line (start 4.371 -2.651) (end 4.371 2.651) (layer F.SilkS) (width 0.12))
    (fp_line (start 4.411 -2.604) (end 4.411 2.604) (layer F.SilkS) (width 0.12))
    (fp_line (start 4.451 -2.556) (end 4.451 2.556) (layer F.SilkS) (width 0.12))
    (fp_line (start 4.491 -2.505) (end 4.491 2.505) (layer F.SilkS) (width 0.12))
    (fp_line (start 4.531 -2.454) (end 4.531 2.454) (layer F.SilkS) (width 0.12))
    (fp_line (start 4.571 -2.4) (end 4.571 2.4) (layer F.SilkS) (width 0.12))
    (fp_line (start 4.611 -2.345) (end 4.611 2.345) (layer F.SilkS) (width 0.12))
    (fp_line (start 4.651 -2.287) (end 4.651 2.287) (layer F.SilkS) (width 0.12))
    (fp_line (start 4.691 -2.228) (end 4.691 2.228) (layer F.SilkS) (width 0.12))
    (fp_line (start 4.731 -2.166) (end 4.731 2.166) (layer F.SilkS) (width 0.12))
    (fp_line (start 4.771 -2.102) (end 4.771 2.102) (layer F.SilkS) (width 0.12))
    (fp_line (start 4.811 -2.034) (end 4.811 2.034) (layer F.SilkS) (width 0.12))
    (fp_line (start 4.851 -1.964) (end 4.851 1.964) (layer F.SilkS) (width 0.12))
    (fp_line (start 4.891 -1.89) (end 4.891 1.89) (layer F.SilkS) (width 0.12))
    (fp_line (start 4.931 -1.813) (end 4.931 1.813) (layer F.SilkS) (width 0.12))
    (fp_line (start 4.971 -1.731) (end 4.971 1.731) (layer F.SilkS) (width 0.12))
    (fp_line (start 5.011 -1.645) (end 5.011 1.645) (layer F.SilkS) (width 0.12))
    (fp_line (start 5.051 -1.552) (end 5.051 1.552) (layer F.SilkS) (width 0.12))
    (fp_line (start 5.091 -1.453) (end 5.091 1.453) (layer F.SilkS) (width 0.12))
    (fp_line (start 5.131 -1.346) (end 5.131 1.346) (layer F.SilkS) (width 0.12))
    (fp_line (start 5.171 -1.229) (end 5.171 1.229) (layer F.SilkS) (width 0.12))
    (fp_line (start 5.211 -1.098) (end 5.211 1.098) (layer F.SilkS) (width 0.12))
    (fp_line (start 5.251 -0.948) (end 5.251 0.948) (layer F.SilkS) (width 0.12))
    (fp_line (start 5.291 -0.768) (end 5.291 0.768) (layer F.SilkS) (width 0.12))
    (fp_line (start 5.331 -0.533) (end 5.331 0.533) (layer F.SilkS) (width 0.12))
    (fp_line (start -3.159698 -2.315) (end -2.359698 -2.315) (layer F.SilkS) (width 0.12))
    (fp_line (start -2.759698 -2.715) (end -2.759698 -1.915) (layer F.SilkS) (width 0.12))
    (fp_text user %R (at 1.25 0) (layer F.Fab)
      (effects (font (size 1 1) (thickness 0.15)))
    )
    (pad 1 thru_hole rect (at 0 0) (size 1.6 1.6) (drill 0.8) (layers *.Cu *.Mask)
      (net 1 /Vcc))
    (pad 2 thru_hole circle (at 2.5 0) (size 1.6 1.6) (drill 0.8) (layers *.Cu *.Mask)
      (net 2 GND))
    (model ${KISYS3DMOD}/Capacitor_THT.3dshapes/CP_Radial_D8.0mm_P2.50mm.wrl
      (at (xyz 0 0 0))
      (scale (xyz 1 1 1))
      (rotate (xyz 0 0 0))
    )
  )

  (module Capacitor_SMD:C_0805_2012Metric_Pad1.15x1.40mm_HandSolder (layer F.Cu) (tedit 5B36C52B) (tstamp 5CF83289)
    (at 171.080001 111.700001)
    (descr "Capacitor SMD 0805 (2012 Metric), square (rectangular) end terminal, IPC_7351 nominal with elongated pad for handsoldering. (Body size source: https://docs.google.com/spreadsheets/d/1BsfQQcO9C6DZCsRaXUlFlo91Tg2WpOkGARC1WS5S8t0/edit?usp=sharing), generated with kicad-footprint-generator")
    (tags "capacitor handsolder")
    (path /5CA27913)
    (attr smd)
    (fp_text reference C3 (at 0 -1.65) (layer F.SilkS)
      (effects (font (size 1 1) (thickness 0.15)))
    )
    (fp_text value C (at 0 1.65) (layer F.Fab)
      (effects (font (size 1 1) (thickness 0.15)))
    )
    (fp_text user %R (at 0 0) (layer F.Fab)
      (effects (font (size 0.5 0.5) (thickness 0.08)))
    )
    (fp_line (start 1.85 0.95) (end -1.85 0.95) (layer F.CrtYd) (width 0.05))
    (fp_line (start 1.85 -0.95) (end 1.85 0.95) (layer F.CrtYd) (width 0.05))
    (fp_line (start -1.85 -0.95) (end 1.85 -0.95) (layer F.CrtYd) (width 0.05))
    (fp_line (start -1.85 0.95) (end -1.85 -0.95) (layer F.CrtYd) (width 0.05))
    (fp_line (start -0.261252 0.71) (end 0.261252 0.71) (layer F.SilkS) (width 0.12))
    (fp_line (start -0.261252 -0.71) (end 0.261252 -0.71) (layer F.SilkS) (width 0.12))
    (fp_line (start 1 0.6) (end -1 0.6) (layer F.Fab) (width 0.1))
    (fp_line (start 1 -0.6) (end 1 0.6) (layer F.Fab) (width 0.1))
    (fp_line (start -1 -0.6) (end 1 -0.6) (layer F.Fab) (width 0.1))
    (fp_line (start -1 0.6) (end -1 -0.6) (layer F.Fab) (width 0.1))
    (pad 2 smd roundrect (at 1.025 0) (size 1.15 1.4) (layers F.Cu F.Paste F.Mask) (roundrect_rratio 0.217391)
      (net 3 MicOut))
    (pad 1 smd roundrect (at -1.025 0) (size 1.15 1.4) (layers F.Cu F.Paste F.Mask) (roundrect_rratio 0.217391)
      (net 4 "Net-(C3-Pad1)"))
    (model ${KISYS3DMOD}/Capacitor_SMD.3dshapes/C_0805_2012Metric.wrl
      (at (xyz 0 0 0))
      (scale (xyz 1 1 1))
      (rotate (xyz 0 0 0))
    )
  )

  (module Capacitor_SMD:C_0805_2012Metric_Pad1.15x1.40mm_HandSolder (layer F.Cu) (tedit 5B36C52B) (tstamp 5CF8329A)
    (at 187.735001 114.525001)
    (descr "Capacitor SMD 0805 (2012 Metric), square (rectangular) end terminal, IPC_7351 nominal with elongated pad for handsoldering. (Body size source: https://docs.google.com/spreadsheets/d/1BsfQQcO9C6DZCsRaXUlFlo91Tg2WpOkGARC1WS5S8t0/edit?usp=sharing), generated with kicad-footprint-generator")
    (tags "capacitor handsolder")
    (path /5CA15D0F)
    (attr smd)
    (fp_text reference C4 (at 0 -1.65) (layer F.SilkS)
      (effects (font (size 1 1) (thickness 0.15)))
    )
    (fp_text value C (at 0 1.65) (layer F.Fab)
      (effects (font (size 1 1) (thickness 0.15)))
    )
    (fp_text user %R (at 0 0) (layer F.Fab)
      (effects (font (size 0.5 0.5) (thickness 0.08)))
    )
    (fp_line (start 1.85 0.95) (end -1.85 0.95) (layer F.CrtYd) (width 0.05))
    (fp_line (start 1.85 -0.95) (end 1.85 0.95) (layer F.CrtYd) (width 0.05))
    (fp_line (start -1.85 -0.95) (end 1.85 -0.95) (layer F.CrtYd) (width 0.05))
    (fp_line (start -1.85 0.95) (end -1.85 -0.95) (layer F.CrtYd) (width 0.05))
    (fp_line (start -0.261252 0.71) (end 0.261252 0.71) (layer F.SilkS) (width 0.12))
    (fp_line (start -0.261252 -0.71) (end 0.261252 -0.71) (layer F.SilkS) (width 0.12))
    (fp_line (start 1 0.6) (end -1 0.6) (layer F.Fab) (width 0.1))
    (fp_line (start 1 -0.6) (end 1 0.6) (layer F.Fab) (width 0.1))
    (fp_line (start -1 -0.6) (end 1 -0.6) (layer F.Fab) (width 0.1))
    (fp_line (start -1 0.6) (end -1 -0.6) (layer F.Fab) (width 0.1))
    (pad 2 smd roundrect (at 1.025 0) (size 1.15 1.4) (layers F.Cu F.Paste F.Mask) (roundrect_rratio 0.217391)
      (net 1 /Vcc))
    (pad 1 smd roundrect (at -1.025 0) (size 1.15 1.4) (layers F.Cu F.Paste F.Mask) (roundrect_rratio 0.217391)
      (net 2 GND))
    (model ${KISYS3DMOD}/Capacitor_SMD.3dshapes/C_0805_2012Metric.wrl
      (at (xyz 0 0 0))
      (scale (xyz 1 1 1))
      (rotate (xyz 0 0 0))
    )
  )

  (module Capacitor_SMD:C_0805_2012Metric_Pad1.15x1.40mm_HandSolder (layer F.Cu) (tedit 5B36C52B) (tstamp 5CF832AB)
    (at 187.3 111.425)
    (descr "Capacitor SMD 0805 (2012 Metric), square (rectangular) end terminal, IPC_7351 nominal with elongated pad for handsoldering. (Body size source: https://docs.google.com/spreadsheets/d/1BsfQQcO9C6DZCsRaXUlFlo91Tg2WpOkGARC1WS5S8t0/edit?usp=sharing), generated with kicad-footprint-generator")
    (tags "capacitor handsolder")
    (path /5CA18EA2)
    (attr smd)
    (fp_text reference C5 (at 0 -1.65) (layer F.SilkS)
      (effects (font (size 1 1) (thickness 0.15)))
    )
    (fp_text value C (at 0 1.65) (layer F.Fab)
      (effects (font (size 1 1) (thickness 0.15)))
    )
    (fp_line (start -1 0.6) (end -1 -0.6) (layer F.Fab) (width 0.1))
    (fp_line (start -1 -0.6) (end 1 -0.6) (layer F.Fab) (width 0.1))
    (fp_line (start 1 -0.6) (end 1 0.6) (layer F.Fab) (width 0.1))
    (fp_line (start 1 0.6) (end -1 0.6) (layer F.Fab) (width 0.1))
    (fp_line (start -0.261252 -0.71) (end 0.261252 -0.71) (layer F.SilkS) (width 0.12))
    (fp_line (start -0.261252 0.71) (end 0.261252 0.71) (layer F.SilkS) (width 0.12))
    (fp_line (start -1.85 0.95) (end -1.85 -0.95) (layer F.CrtYd) (width 0.05))
    (fp_line (start -1.85 -0.95) (end 1.85 -0.95) (layer F.CrtYd) (width 0.05))
    (fp_line (start 1.85 -0.95) (end 1.85 0.95) (layer F.CrtYd) (width 0.05))
    (fp_line (start 1.85 0.95) (end -1.85 0.95) (layer F.CrtYd) (width 0.05))
    (fp_text user %R (at -0.175 -0.35) (layer F.Fab)
      (effects (font (size 0.5 0.5) (thickness 0.08)))
    )
    (pad 1 smd roundrect (at -1.025 0) (size 1.15 1.4) (layers F.Cu F.Paste F.Mask) (roundrect_rratio 0.217391)
      (net 2 GND))
    (pad 2 smd roundrect (at 1.025 0) (size 1.15 1.4) (layers F.Cu F.Paste F.Mask) (roundrect_rratio 0.217391)
      (net 1 /Vcc))
    (model ${KISYS3DMOD}/Capacitor_SMD.3dshapes/C_0805_2012Metric.wrl
      (at (xyz 0 0 0))
      (scale (xyz 1 1 1))
      (rotate (xyz 0 0 0))
    )
  )

  (module Capacitor_SMD:C_0805_2012Metric_Pad1.15x1.40mm_HandSolder (layer F.Cu) (tedit 5B36C52B) (tstamp 5CF832BC)
    (at 162.4 104.825 270)
    (descr "Capacitor SMD 0805 (2012 Metric), square (rectangular) end terminal, IPC_7351 nominal with elongated pad for handsoldering. (Body size source: https://docs.google.com/spreadsheets/d/1BsfQQcO9C6DZCsRaXUlFlo91Tg2WpOkGARC1WS5S8t0/edit?usp=sharing), generated with kicad-footprint-generator")
    (tags "capacitor handsolder")
    (path /5CF7AAED)
    (attr smd)
    (fp_text reference C6 (at 0 -1.65 270) (layer F.SilkS)
      (effects (font (size 1 1) (thickness 0.15)))
    )
    (fp_text value C (at 0 1.65 270) (layer F.Fab)
      (effects (font (size 1 1) (thickness 0.15)))
    )
    (fp_text user %R (at -0.155001 -0.350001 270) (layer F.Fab)
      (effects (font (size 0.5 0.5) (thickness 0.08)))
    )
    (fp_line (start 1.85 0.95) (end -1.85 0.95) (layer F.CrtYd) (width 0.05))
    (fp_line (start 1.85 -0.95) (end 1.85 0.95) (layer F.CrtYd) (width 0.05))
    (fp_line (start -1.85 -0.95) (end 1.85 -0.95) (layer F.CrtYd) (width 0.05))
    (fp_line (start -1.85 0.95) (end -1.85 -0.95) (layer F.CrtYd) (width 0.05))
    (fp_line (start -0.261252 0.71) (end 0.261252 0.71) (layer F.SilkS) (width 0.12))
    (fp_line (start -0.261252 -0.71) (end 0.261252 -0.71) (layer F.SilkS) (width 0.12))
    (fp_line (start 1 0.6) (end -1 0.6) (layer F.Fab) (width 0.1))
    (fp_line (start 1 -0.6) (end 1 0.6) (layer F.Fab) (width 0.1))
    (fp_line (start -1 -0.6) (end 1 -0.6) (layer F.Fab) (width 0.1))
    (fp_line (start -1 0.6) (end -1 -0.6) (layer F.Fab) (width 0.1))
    (pad 2 smd roundrect (at 1.025 0 270) (size 1.15 1.4) (layers F.Cu F.Paste F.Mask) (roundrect_rratio 0.217391)
      (net 5 "Net-(C6-Pad2)"))
    (pad 1 smd roundrect (at -1.025 0 270) (size 1.15 1.4) (layers F.Cu F.Paste F.Mask) (roundrect_rratio 0.217391)
      (net 2 GND))
    (model ${KISYS3DMOD}/Capacitor_SMD.3dshapes/C_0805_2012Metric.wrl
      (at (xyz 0 0 0))
      (scale (xyz 1 1 1))
      (rotate (xyz 0 0 0))
    )
  )

  (module Capacitor_SMD:C_0805_2012Metric_Pad1.15x1.40mm_HandSolder (layer F.Cu) (tedit 5B36C52B) (tstamp 5CF832CD)
    (at 169.7 121.95)
    (descr "Capacitor SMD 0805 (2012 Metric), square (rectangular) end terminal, IPC_7351 nominal with elongated pad for handsoldering. (Body size source: https://docs.google.com/spreadsheets/d/1BsfQQcO9C6DZCsRaXUlFlo91Tg2WpOkGARC1WS5S8t0/edit?usp=sharing), generated with kicad-footprint-generator")
    (tags "capacitor handsolder")
    (path /5CF7CC6C)
    (attr smd)
    (fp_text reference C7 (at 0 -1.65) (layer F.SilkS)
      (effects (font (size 1 1) (thickness 0.15)))
    )
    (fp_text value C (at 0 1.65) (layer F.Fab)
      (effects (font (size 1 1) (thickness 0.15)))
    )
    (fp_line (start -1 0.6) (end -1 -0.6) (layer F.Fab) (width 0.1))
    (fp_line (start -1 -0.6) (end 1 -0.6) (layer F.Fab) (width 0.1))
    (fp_line (start 1 -0.6) (end 1 0.6) (layer F.Fab) (width 0.1))
    (fp_line (start 1 0.6) (end -1 0.6) (layer F.Fab) (width 0.1))
    (fp_line (start -0.261252 -0.71) (end 0.261252 -0.71) (layer F.SilkS) (width 0.12))
    (fp_line (start -0.261252 0.71) (end 0.261252 0.71) (layer F.SilkS) (width 0.12))
    (fp_line (start -1.85 0.95) (end -1.85 -0.95) (layer F.CrtYd) (width 0.05))
    (fp_line (start -1.85 -0.95) (end 1.85 -0.95) (layer F.CrtYd) (width 0.05))
    (fp_line (start 1.85 -0.95) (end 1.85 0.95) (layer F.CrtYd) (width 0.05))
    (fp_line (start 1.85 0.95) (end -1.85 0.95) (layer F.CrtYd) (width 0.05))
    (fp_text user %R (at 0 0) (layer F.Fab)
      (effects (font (size 0.5 0.5) (thickness 0.08)))
    )
    (pad 1 smd roundrect (at -1.025 0) (size 1.15 1.4) (layers F.Cu F.Paste F.Mask) (roundrect_rratio 0.217391)
      (net 2 GND))
    (pad 2 smd roundrect (at 1.025 0) (size 1.15 1.4) (layers F.Cu F.Paste F.Mask) (roundrect_rratio 0.217391)
      (net 6 "Net-(C7-Pad2)"))
    (model ${KISYS3DMOD}/Capacitor_SMD.3dshapes/C_0805_2012Metric.wrl
      (at (xyz 0 0 0))
      (scale (xyz 1 1 1))
      (rotate (xyz 0 0 0))
    )
  )

  (module Capacitor_SMD:C_0805_2012Metric_Pad1.15x1.40mm_HandSolder (layer F.Cu) (tedit 5B36C52B) (tstamp 5CF832DE)
    (at 173.275001 126.025001)
    (descr "Capacitor SMD 0805 (2012 Metric), square (rectangular) end terminal, IPC_7351 nominal with elongated pad for handsoldering. (Body size source: https://docs.google.com/spreadsheets/d/1BsfQQcO9C6DZCsRaXUlFlo91Tg2WpOkGARC1WS5S8t0/edit?usp=sharing), generated with kicad-footprint-generator")
    (tags "capacitor handsolder")
    (path /5CF46F74)
    (attr smd)
    (fp_text reference C8 (at 0 -1.65) (layer F.SilkS)
      (effects (font (size 1 1) (thickness 0.15)))
    )
    (fp_text value C (at -0.350001 1.974999) (layer F.Fab)
      (effects (font (size 1 1) (thickness 0.15)))
    )
    (fp_line (start -1 0.6) (end -1 -0.6) (layer F.Fab) (width 0.1))
    (fp_line (start -1 -0.6) (end 1 -0.6) (layer F.Fab) (width 0.1))
    (fp_line (start 1 -0.6) (end 1 0.6) (layer F.Fab) (width 0.1))
    (fp_line (start 1 0.6) (end -1 0.6) (layer F.Fab) (width 0.1))
    (fp_line (start -0.261252 -0.71) (end 0.261252 -0.71) (layer F.SilkS) (width 0.12))
    (fp_line (start -0.261252 0.71) (end 0.261252 0.71) (layer F.SilkS) (width 0.12))
    (fp_line (start -1.85 0.95) (end -1.85 -0.95) (layer F.CrtYd) (width 0.05))
    (fp_line (start -1.85 -0.95) (end 1.85 -0.95) (layer F.CrtYd) (width 0.05))
    (fp_line (start 1.85 -0.95) (end 1.85 0.95) (layer F.CrtYd) (width 0.05))
    (fp_line (start 1.85 0.95) (end -1.85 0.95) (layer F.CrtYd) (width 0.05))
    (fp_text user %R (at 0 0) (layer F.Fab)
      (effects (font (size 0.5 0.5) (thickness 0.08)))
    )
    (pad 1 smd roundrect (at -1.025 0) (size 1.15 1.4) (layers F.Cu F.Paste F.Mask) (roundrect_rratio 0.217391)
      (net 2 GND))
    (pad 2 smd roundrect (at 1.025 0) (size 1.15 1.4) (layers F.Cu F.Paste F.Mask) (roundrect_rratio 0.217391)
      (net 7 "Net-(C8-Pad2)"))
    (model ${KISYS3DMOD}/Capacitor_SMD.3dshapes/C_0805_2012Metric.wrl
      (at (xyz 0 0 0))
      (scale (xyz 1 1 1))
      (rotate (xyz 0 0 0))
    )
  )

  (module Capacitor_THT:CP_Radial_D6.3mm_P2.50mm (layer F.Cu) (tedit 5AE50EF0) (tstamp 5CF83372)
    (at 155.65 103.9)
    (descr "CP, Radial series, Radial, pin pitch=2.50mm, , diameter=6.3mm, Electrolytic Capacitor")
    (tags "CP Radial series Radial pin pitch 2.50mm  diameter 6.3mm Electrolytic Capacitor")
    (path /5CF8C484)
    (fp_text reference C9 (at 1.25 -4.4) (layer F.SilkS)
      (effects (font (size 1 1) (thickness 0.15)))
    )
    (fp_text value CP (at 1.25 4.4) (layer F.Fab)
      (effects (font (size 1 1) (thickness 0.15)))
    )
    (fp_circle (center 1.25 0) (end 4.4 0) (layer F.Fab) (width 0.1))
    (fp_circle (center 1.25 0) (end 4.52 0) (layer F.SilkS) (width 0.12))
    (fp_circle (center 1.25 0) (end 4.65 0) (layer F.CrtYd) (width 0.05))
    (fp_line (start -1.443972 -1.3735) (end -0.813972 -1.3735) (layer F.Fab) (width 0.1))
    (fp_line (start -1.128972 -1.6885) (end -1.128972 -1.0585) (layer F.Fab) (width 0.1))
    (fp_line (start 1.25 -3.23) (end 1.25 3.23) (layer F.SilkS) (width 0.12))
    (fp_line (start 1.29 -3.23) (end 1.29 3.23) (layer F.SilkS) (width 0.12))
    (fp_line (start 1.33 -3.23) (end 1.33 3.23) (layer F.SilkS) (width 0.12))
    (fp_line (start 1.37 -3.228) (end 1.37 3.228) (layer F.SilkS) (width 0.12))
    (fp_line (start 1.41 -3.227) (end 1.41 3.227) (layer F.SilkS) (width 0.12))
    (fp_line (start 1.45 -3.224) (end 1.45 3.224) (layer F.SilkS) (width 0.12))
    (fp_line (start 1.49 -3.222) (end 1.49 -1.04) (layer F.SilkS) (width 0.12))
    (fp_line (start 1.49 1.04) (end 1.49 3.222) (layer F.SilkS) (width 0.12))
    (fp_line (start 1.53 -3.218) (end 1.53 -1.04) (layer F.SilkS) (width 0.12))
    (fp_line (start 1.53 1.04) (end 1.53 3.218) (layer F.SilkS) (width 0.12))
    (fp_line (start 1.57 -3.215) (end 1.57 -1.04) (layer F.SilkS) (width 0.12))
    (fp_line (start 1.57 1.04) (end 1.57 3.215) (layer F.SilkS) (width 0.12))
    (fp_line (start 1.61 -3.211) (end 1.61 -1.04) (layer F.SilkS) (width 0.12))
    (fp_line (start 1.61 1.04) (end 1.61 3.211) (layer F.SilkS) (width 0.12))
    (fp_line (start 1.65 -3.206) (end 1.65 -1.04) (layer F.SilkS) (width 0.12))
    (fp_line (start 1.65 1.04) (end 1.65 3.206) (layer F.SilkS) (width 0.12))
    (fp_line (start 1.69 -3.201) (end 1.69 -1.04) (layer F.SilkS) (width 0.12))
    (fp_line (start 1.69 1.04) (end 1.69 3.201) (layer F.SilkS) (width 0.12))
    (fp_line (start 1.73 -3.195) (end 1.73 -1.04) (layer F.SilkS) (width 0.12))
    (fp_line (start 1.73 1.04) (end 1.73 3.195) (layer F.SilkS) (width 0.12))
    (fp_line (start 1.77 -3.189) (end 1.77 -1.04) (layer F.SilkS) (width 0.12))
    (fp_line (start 1.77 1.04) (end 1.77 3.189) (layer F.SilkS) (width 0.12))
    (fp_line (start 1.81 -3.182) (end 1.81 -1.04) (layer F.SilkS) (width 0.12))
    (fp_line (start 1.81 1.04) (end 1.81 3.182) (layer F.SilkS) (width 0.12))
    (fp_line (start 1.85 -3.175) (end 1.85 -1.04) (layer F.SilkS) (width 0.12))
    (fp_line (start 1.85 1.04) (end 1.85 3.175) (layer F.SilkS) (width 0.12))
    (fp_line (start 1.89 -3.167) (end 1.89 -1.04) (layer F.SilkS) (width 0.12))
    (fp_line (start 1.89 1.04) (end 1.89 3.167) (layer F.SilkS) (width 0.12))
    (fp_line (start 1.93 -3.159) (end 1.93 -1.04) (layer F.SilkS) (width 0.12))
    (fp_line (start 1.93 1.04) (end 1.93 3.159) (layer F.SilkS) (width 0.12))
    (fp_line (start 1.971 -3.15) (end 1.971 -1.04) (layer F.SilkS) (width 0.12))
    (fp_line (start 1.971 1.04) (end 1.971 3.15) (layer F.SilkS) (width 0.12))
    (fp_line (start 2.011 -3.141) (end 2.011 -1.04) (layer F.SilkS) (width 0.12))
    (fp_line (start 2.011 1.04) (end 2.011 3.141) (layer F.SilkS) (width 0.12))
    (fp_line (start 2.051 -3.131) (end 2.051 -1.04) (layer F.SilkS) (width 0.12))
    (fp_line (start 2.051 1.04) (end 2.051 3.131) (layer F.SilkS) (width 0.12))
    (fp_line (start 2.091 -3.121) (end 2.091 -1.04) (layer F.SilkS) (width 0.12))
    (fp_line (start 2.091 1.04) (end 2.091 3.121) (layer F.SilkS) (width 0.12))
    (fp_line (start 2.131 -3.11) (end 2.131 -1.04) (layer F.SilkS) (width 0.12))
    (fp_line (start 2.131 1.04) (end 2.131 3.11) (layer F.SilkS) (width 0.12))
    (fp_line (start 2.171 -3.098) (end 2.171 -1.04) (layer F.SilkS) (width 0.12))
    (fp_line (start 2.171 1.04) (end 2.171 3.098) (layer F.SilkS) (width 0.12))
    (fp_line (start 2.211 -3.086) (end 2.211 -1.04) (layer F.SilkS) (width 0.12))
    (fp_line (start 2.211 1.04) (end 2.211 3.086) (layer F.SilkS) (width 0.12))
    (fp_line (start 2.251 -3.074) (end 2.251 -1.04) (layer F.SilkS) (width 0.12))
    (fp_line (start 2.251 1.04) (end 2.251 3.074) (layer F.SilkS) (width 0.12))
    (fp_line (start 2.291 -3.061) (end 2.291 -1.04) (layer F.SilkS) (width 0.12))
    (fp_line (start 2.291 1.04) (end 2.291 3.061) (layer F.SilkS) (width 0.12))
    (fp_line (start 2.331 -3.047) (end 2.331 -1.04) (layer F.SilkS) (width 0.12))
    (fp_line (start 2.331 1.04) (end 2.331 3.047) (layer F.SilkS) (width 0.12))
    (fp_line (start 2.371 -3.033) (end 2.371 -1.04) (layer F.SilkS) (width 0.12))
    (fp_line (start 2.371 1.04) (end 2.371 3.033) (layer F.SilkS) (width 0.12))
    (fp_line (start 2.411 -3.018) (end 2.411 -1.04) (layer F.SilkS) (width 0.12))
    (fp_line (start 2.411 1.04) (end 2.411 3.018) (layer F.SilkS) (width 0.12))
    (fp_line (start 2.451 -3.002) (end 2.451 -1.04) (layer F.SilkS) (width 0.12))
    (fp_line (start 2.451 1.04) (end 2.451 3.002) (layer F.SilkS) (width 0.12))
    (fp_line (start 2.491 -2.986) (end 2.491 -1.04) (layer F.SilkS) (width 0.12))
